[[2.55101758e-06 2.42921313e-07 3.88028251e-05 7.53601169e-04
  3.62180773e-05]
 [5.71051974e-06 1.66595253e-04 4.12570428e-08 4.54580397e-05
  9.00756994e-07]
 [3.02059422e-02 7.80999038e-01 6.72918127e-02 1.48513811e-01
  5.34620775e-02]
 [1.40297128e-05 5.86605108e-05 1.09624661e-02 8.69612780e-03
  2.06926044e-02]
 [7.46220308e-04 5.58730658e-02 4.90318665e-02 1.10734808e-01
  1.99667794e-01]
 [6.56068641e-08 1.48247451e-03 6.13137201e-04 1.92045211e-04
  2.11614755e-03]
 [1.01571456e-06 4.19713900e-02 5.84689078e-03 2.34325680e-02
  8.55856601e-03]
 [1.72080321e-02 3.33068661e-04 2.52142294e-02 2.38430371e-04
  1.47949551e-05]
 [4.99550356e-05 1.51296921e-03 2.90904996e-01 9.14398089e-03
  1.53636619e-02]
 [5.52035189e-06 4.62464983e-04 3.51739346e-05 1.87223262e-06
  2.42114416e-04]
 [1.91895453e-01 3.28726852e-05 1.57819176e-03 7.77380165e-04
  7.05216935e-07]
 [1.64369866e-11 3.33514012e-11 8.63523840e-11 3.88780663e-06
  1.45632732e-11]
 [7.38629029e-01 2.99263058e-03 3.64102310e-02 3.29879414e-01
  2.78527997e-05]
 [9.11511220e-11 1.44511605e-07 7.66035796e-12 2.62621751e-09
  4.69552065e-07]
 [2.11882609e-02 1.06742511e-01 5.11988781e-01 3.67547578e-01
  6.92083350e-01]
 [4.82118328e-05 1.34875491e-03 8.32765135e-05 3.89063522e-05
  7.73155734e-03]
 [3.29512594e-09 6.02263169e-03 9.93488349e-08 5.63657656e-08
  9.48123092e-07]
 [4.99091294e-13 4.85022711e-07 3.52786211e-09 7.12115891e-08
  2.37464372e-07]]

